4052021
151220201100
902163826215
11012019
1312021104300
902163816403
7112019
15112018161000
902163825971
1072015
16122020105600
17072018
1122021150600
28032017
422019
2722020
1032021
792020
5122019
1392021163700
2082021
1982021
3170768
1532021104300
1272013
8062015
1032018
1112021124000
902163519035
29082019
462021
1322019164700
642021143700
2672019
1362019
12022016
15082018
842021
312019
1392019162000
1
29022016
2352014
25052021
1942019
2062018161100
2020728
2016
572019
9
902163826105
201014221
1552018114600
1842019150300
17052019
12102021
15062019
902163518415
8052020
2021999
2092018
613252775
172021
1492021
19112015
27
3052018
1692021
3042021
22092020
18052017
12092019
10062015
16052016
272020
2800000000
7062021
41
902163823223
3042017
902163821888
23052017
14092021
4112019
2762019
5
412019
12072019
4
18012021
21022020
28022019
1312021104400
16122020110200
20022020
201354881
13102020
432
26052021
622018
12042019
1532021
392020
10092014
1132020154100
4022019
13042021
2206201106082011
71020211100
706201105082011
2165705055
29052018
15122019
31102017
21012020
3
472019
1122021150800
6112017
20092017
29032020
1752021
27102014
6072017
8022020
4092019
27042011
26052017
3032021
1372020120500
272021
1762021115700
2052021
902163518383
5052019
902163811952
16122020105800
8062020
902163827387
4012019
0
202016033
2020765
992021
2165721584
8032021
50000
2072020
22122020
201153433
5
902163826756
1062019
1762021115800
30
942021164900
3102019
17052017
6032018
902163825007
15112018161100
7092016
972021140600
1552018114300
1222020153000
2982019
16032017
5052021
60000
7112019
23102017
812020140900
2163242335
5022017
13022021
21122020
11062019
1062021
902163826228
6012020
2652021152800
22102009
7122020
1242019
11102019
2092021
11
8012021
1052018
1022021
30042013
2532021
902163811299
902163823800
4971413719
16122020105900
12012019
972021
5062021
1342021163800
67647462
902163811308
11062018
18102020
12062020
26062020
21032020
1832021
30112015
902163518008
20082019
2020940
902163826167
2102021
13122018165200
13102009
28122018
29062015
902163826037
22012018
1842019150500
1842019150400
3
5190370000
952014
192711691
30052018
1532021104000
26032021
31032020
26012018
212020
1122021150700
3
20102020100400
1082021
29102009
8122015
392021
13102021
24032020
10122020
2842021
902163826076
2164709683
28032019
8022017
29012014
8062011
2021149846
14102014
1322019164600
5082021
14102021
812021
25102020
90220211100
2062018161200
180120171600
3082018
2232021
912020
441
15
2822019
19022020
16
2892021
1032020103300
19022021
14000
13122018164800
4102021
1652019111900
19102020100300
852020
2021
28
11122020
2742021
38698943901
1022016
25052018
15032021
42
652021
902163518579
1532021104400
195015405
982021
1312021104600
2020764
1372020115200
7102019
902163814357
12082015
11032021
1392019162300
902163814030
902163518533
812020141000
29102020
23052014
4022016
4122013
11072019
6112020
8052017
5092016
1292019
201162924
1042020
1072020
16122020105500
1552018131600
1392021
13122013
21052021
9102021
14032020
432021
292019
17112009
2852021
1552018114500
632018
1712019143200
31052019
672021
2
12
20042015
2242021
20012021
5102021
2012020
5112020
30012019
902163811311
902163826170
19092017
902163815181
15042017
902163826044
1772017
3112019
1672019
902163811306
22012020
902163518437
1952014
532020
8102019
8092018
1042021
902163826972
19032014
10042021
19062019
24032021
199019413
2021998
1232020144800
12042021
11102021
24012021
2512021
8012018
902163826212
1472020170600
902163518838
2192020133200
6092021
250420161130
13
28122020
1792021
5012018
3112009
8102021
1342021164000
26052020
8072020
902163814151
8112017
1208201126082011
122021
3102017
1292018165200
2562019105200
362021
1712021
2962021
3092021
25032021
1970176
1392019161900
1292018165300
8122020
1842019150200
1032016
20022017
14102021
1472020170200
17
29122020
4032019
13052016
902163825010
2122019
9122019130000
151220201110
2122019
25112018
260120211110
27144232348
902163518019
1472020170300
29112018
1712019142900
16122019
812020141100
3082017
28042021
2112020
25072017
15062017
2372020
30042015
11052018
40000
16112020091800
29102019
4122018
24102019133500
90216351858387
1392021163500
9042021
23072020
26072019
13062020
7022017
322020
23082021
1412020141000
4052018
92000
6062021
172019
25032020
1392019162200
2752021
2163823382
6
1112021123900
11022021
2652021
11072017
17062020
12012017
2612021
17022021
4012020
10102019
1052021
999461245
1472020170500
2082019
18042017
2522021
3122015
22052021
2542019162000
902163824009
1532021103900
290920201100
1192017
2021140193
25122020
5122019
902163826272
4266728680
3082020
10032021
542021
382017
902163814040
902163826231
902163811919
160120171421
54
1042017
25082011
5072021
902163518481
23102020
17092021
16062017
19102017
21032017
17102018141700
6052021
8112019
29052020
9052021
3122020
3012021
2020939
1652019111700
922021
872020
2092021
1622021
902163519907
9092021
23022020
13032021
3052021
582020
912019
10032014
902163811288
902163518408
902163811112
3122020
9062017
17042021
2164556044
1012019
16122020105700
1392019162100
260120211100
8082014
22042015
1312021104500
902163826210
1762021115600
17052016
512018
1342021163700
1022020140200
25022021
482021
10112009
18062020
1222020153100
5052016
29042021
16102020
20052021
7032020
21657050002166870775
1662021
1222021
30092021
2862021
24112015
20032020
19102020100200
232020
8052019
5102020
9052019
3102019
2020525
17012021
1532021103800
2092016
562021
862020
3062015
902163826036
1312021104700
30122020
1412020141100
7
352021
14012014
16042019
1412021
29092020
1312021
2342021
15112017
132021
29052019
22102020
452021
19102020100700
2152021
11
20032017
2254915400
10102021
232021
14062018
1652019111800
21012021
902163825030
20112017
3052019
24102019133300
432019
2052019
31052018
12122019143500
21062017
252019
8092021
31220201110
27849600000
2165705000
19042018
6
5112020
19102020100500
1552018114400
3152019
29112020
1082020
1282021
3012021
13112019112900
12062019
1292018165500
8
2142021
292021
26112020
14
18062020
20052016
28042015
5092019
902163814020
2652021152900
902163823878
8052021
642021143800
20052019
2165776619
17072017
27052021
15042018
942021
902163827462
902163518404
902163511211
1822021
11052016
5
17032017
2382021
30102020
902163826830
9
10062017
1032021
852019
902163518424
17122020105700
11102017
902163815594
13112019
13112019112800
27112020
22012021
6082017
201189125
24112020
1132020153300
1730
2062018161500
1122020
10112014
23012021
2652021152500
2
3152021
2912021
2562019105400
1072011
972021140800
1022020140100
23072019
6022018
23052021
2332021
198018232
862021
27032021
30
31082016
15112018161200
1642019
1272018142000
7102021
196019834
712021
722019
1092020
12012020
19052020
1122019
2042020
1342021163900
902163825603
902163518432
2942021
902163814440
25042015
2192020133000
1462021
27042015
15
24122019
15042021
29012016
4102017
932021
2582017
2952021
1132020154000
5072019
1102021
715000000
8032020
22022020
8032017
2011112524
902163811342
6052019
20072016
7032015
18092017
2
902163826392
1232021
2021183362
2192020133100
31082021
1712019143000
7072021
12122019143400
9122020
1652019111600
13112019112700
6102021
19102020100600
31102019
3052017
1472021
4122017
1472020170400
1032017
2812021
24092021
14122018
1652019112000
15042019
9012020
902163814010
10052021
16112020091900
71020211115
17072017
1682021
642021143900
13032018
1122021150500
200017780
16042021
26022020
16072018
28032020
16072020
2772021
29032021
762021
16122020110100
67647462
24022014
25052017
2562019105000
30032017
19102020100400
242021
13032020
902163826006
7
2309201122122011
15072020
703855134
707200000
2112020
11042017
282019
1812021
2020524
1532021104100
26072011
29072016
902163826821
14022014
14022021
4112014
12022020
9022020
16072019
142021
1112019
972021140700
28032021
10
8112018
27012020
30102014
11072014
1342021
1102020
7032021
24052021
20022021
24052017
14102019
90000
2622021
150620192300
25012016
3052021
2562019105100
612020
26032019
30092016
2062018161700
1522021
1212021
622020
4112019
902163825666
902163811022
1552018131300
12032021
202115
1100
1632021
772021
14072020
7032017
7082017
2652021152300
902163821234
6032017
21072017
17102019
4102019
902163814775
1782021
942021164700
1
2020729
18072016
4
14032021
1712019143100
21052017
2632019
10102017
902163518850
2042017
14042021
1092018
1292018165400
2632021
22032020
4122019
18112017
2020
5042021
2652021152700
692021
7112018
28052015
2112021
45000000000
2092019
2011119533
2562019105300
902163825602
17102018141800
952019
7092017
8
7052019
2392021
712019
23112015
27102017
902163518263
2562021
2552021
25112019
20000
31220201100
47
1392021163600
28112019
902163825006
24102019133400
11022020
11022019
11032021
902163511255
24062020
31032021
28122017
902163822216
4032021
28102020
290920201120
1952021
662013
1472020170100
1168780000
25082017
22062015
21102020
412021
30042019
3092021
16022017
2662020
9092018
1412020141200
1472020165700
592019
30032021
892021
2907201125112011
6569050000
642021
121
5082020
19072019
1472020165900
14102019113500
1292018165100
29042016
3012020
1532021104200
19042019
23112020
19012021
322021
12062017
1372021
1092021
20102020
2052021
24122020
22082014
7052021
572021
30102019
902163811602
25022016
13062017
20112015
